time	UN1	UN2	UN3	UN4	UN5	UN6	UN7	UN8	UN9	UN10	UN11	UN12	UN13	UN14	UN15	UN16	UN17	UN18	UN19	UN20	UN21	UN22	UN23	UN24	UN25	UN26	UN27	UN28	UN29	UN30	UN31	UN32	UN33	UN34	UN35	UN36	UN37	UN38	UN39	UN40	UN41	UN42	UN43	UN44	UN45	UN46	UN47	UN48	UN49	UN50	UN51	UN52	UN53	UN54	UN55	UN56	UN57	UN58	UN59	UN60	UN61	UN62	UN63	UN64	UN65	UN66	UN67	UN68	UN69	UN70	UN71	UN72	UN73	UN74	UN75
336	0.0296	0.0919	0.0517	0.0829	0.0128	-0.0151	0.0186	0.0358	0.0738	0.0468	-0.0055	0.0207	0.032	0.0716	0.0176	0.0604	0.0561	0.0488	0.0447	0.0253	0.0337	0.0251	0.0711	0.0296	0.0007	0.0462	0.0254	0.0993	0.0812	0.084	0.0639	0.0794	0.0985	0.0888	0.1319	0.094	0.0824	0.0742	0.0719	0.0528	0.0195	0.0693	0.0264	0.0931	0.0971	0.0304	0.0756	0.0392	0.0825	0.1113	0.0896	0.2615	0.2088	0.1016	0.1246	0.1051	0.2144	0.1733	0.2047	0.1015	0.1156	0.0618	0.0971	0.1558	0.126	0.1495	0.0492	0.1507	0.3855	0.1441	0.0498	0.1029	0.1856	0.1351	0.206
672	0.0561	0.1649	0.0515	0.1168	0.0312	0.0202	0.0429	0.0216	0.097	0.055	0.0118	0.0352	0.0117	0.064	0.0592	0.07	0.0924	0.0975	0.0752	0.0002	0.0409	0.0598	0.0512	0.0657	0.0251	0.1143	0.0953	0.1616	0.0951	0.1327	0.0834	0.1452	0.1585	0.1059	0.167	0.127	0.1021	0.1569	0.1253	0.0866	0.0505	0.0881	0.0822	0.1006	0.1644	0.0841	0.1049	0.0526	0.1025	0.1147	0.1451	0.3878	0.2743	0.1384	0.1786	0.1933	0.2319	0.2682	0.2591	0.1725	0.1489	0.1678	0.1618	0.283	0.2105	0.206	0.1418	0.2034	0.4627	0.2196	0.1277	0.2016	0.2544	0.197	0.3079
1008	0.0386	0.1337	0.0652	0.1107	0.0736	0.0166	0.0561	0.0486	0.1373	0.0476	0.0671	0.0415	0.0473	0.0802	0.0698	0.1252	0.073	0.0918	0.0823	0.0197	0.0724	0.0896	0.1011	0.0809	0.0398	0.1121	0.0931	0.1948	0.1522	0.158	0.1146	0.1927	0.1939	0.1193	0.2029	0.1558	0.1115	0.1776	0.18	0.0899	0.1273	0.1076	0.0546	0.1146	0.2045	0.1081	0.128	0.0816	0.1525	0.1653	0.1804	0.403	0.3259	0.1877	0.2299	0.2414	0.2659	0.3603	0.3226	0.2289	0.1749	0.1812	0.1889	0.3266	0.2593	0.2072	0.1417	0.2572	0.5042	0.2667	0.1825	0.2878	0.3295	0.211	0.3991
1344	0.0992	0.1817	0.0807	0.1195	0.0453	0.0322	0.0239	0.101	0.1502	0.0725	0.0547	0.0295	0.0657	0.1147	0.0935	0.1236	0.0721	0.1069	0.0866	0.0571	0.0805	0.1166	0.1217	0.1064	0.0095	0.1365	0.1435	0.2152	0.1702	0.2053	0.1332	0.1732	0.2131	0.1868	0.2347	0.1836	0.1686	0.2152	0.167	0.0719	0.1385	0.1156	0.1076	0.1593	0.2798	0.1061	0.1635	0.0876	0.1261	0.2007	0.2014	0.4497	0.3698	0.2106	0.281	0.2551	0.3128	0.4095	0.3701	0.2402	0.2462	0.2255	0.1976	0.4054	0.2964	0.293	0.1999	0.2837	0.4975	0.3419	0.1903	0.3255	0.3475	0.2471	0.4142
1680	0.0727	0.1696	0.1074	0.1612	0.0615	0.0781	0.052	0.0943	0.1167	0.0875	0.0191	0.0511	0.036	0.0996	0.1148	0.1304	0.0977	0.1409	0.1072	0.093	0.0913	0.1018	0.1218	0.1387	0.0115	0.165	0.1244	0.2398	0.2007	0.2516	0.1203	0.2462	0.2447	0.1968	0.2747	0.2212	0.1589	0.2173	0.197	0.1384	0.1894	0.1151	0.1272	0.1293	0.2617	0.1616	0.173	0.0987	0.1963	0.2297	0.2269	0.5222	0.4178	0.2666	0.2577	0.3016	0.3636	0.4443	0.3986	0.2648	0.2367	0.2602	0.2258	0.4465	0.317	0.3253	0.2101	0.3334	0.5579	0.3551	0.216	0.3277	0.4204	0.2822	0.4099
2016	0.1247	0.2017	0.1112	0.1294	0.0752	0.0731	0.0428	0.0856	0.1691	0.09	0.0697	0.0371	0.0498	0.1428	0.1309	0.1314	0.1001	0.1613	0.1156	0.0672	0.117	0.1108	0.1631	0.1368	0.0741	0.1835	0.1295	0.2533	0.1762	0.2216	0.1414	0.2624	0.272	0.2383	0.278	0.2434	0.1768	0.2472	0.2215	0.1202	0.1809	0.1659	0.1358	0.1499	0.2784	0.1432	0.2033	0.109	0.2155	0.2078	0.2205	0.5194	0.4289	0.2619	0.3309	0.329	0.354	0.4864	0.4225	0.3423	0.2221	0.2658	0.2757	0.4977	0.38	0.3169	0.2494	0.347	0.5659	0.4122	0.2643	0.382	0.4733	0.3094	0.4711
2352	0.1207	0.202	0.1043	0.188	0.0724	0.0853	0.0543	0.0819	0.1661	0.1039	0.0528	0.0489	0.0727	0.1222	0.142	0.1403	0.1236	0.1628	0.1149	0.0759	0.1119	0.1491	0.1981	0.1311	0.0452	0.1966	0.1486	0.2618	0.2388	0.2379	0.1864	0.28	0.2475	0.2445	0.3025	0.2659	0.1715	0.2686	0.2607	0.132	0.1692	0.182	0.1416	0.1707	0.3283	0.1933	0.2342	0.1027	0.211	0.2826	0.269	0.509	0.4328	0.3275	0.3444	0.363	0.3987	0.5161	0.4522	0.3765	0.2813	0.3288	0.2771	0.5153	0.3851	0.3446	0.2673	0.4041	0.5868	0.4584	0.2769	0.4063	0.5156	0.2948	0.4822
2688	0.0894	0.2112	0.1482	0.1568	0.0779	0.0692	0.0669	0.0942	0.1952	0.1155	0.0818	0.0559	0.0531	0.1181	0.1523	0.177	0.1189	0.1661	0.133	0.0788	0.1323	0.1373	0.1716	0.182	-0.012	0.2176	0.1509	0.2804	0.2133	0.2917	0.2012	0.2931	0.2953	0.261	0.3404	0.2576	0.2235	0.2895	0.2406	0.1575	0.2062	0.1773	0.1444	0.2063	0.3216	0.1774	0.2564	0.1182	0.2578	0.2725	0.2713	0.5515	0.4696	0.3466	0.3743	0.3768	0.3962	0.5586	0.5078	0.3796	0.2922	0.3439	0.3106	0.5259	0.3921	0.3475	0.2926	0.4272	0.6206	0.4687	0.3183	0.4098	0.5264	0.3093	0.529
3024	0.1428	0.2344	0.1489	0.183	0.1174	0.1037	0.0575	0.1024	0.1735	0.1377	0.0831	0.0409	0.0558	0.1202	0.1735	0.2042	0.1466	0.1591	0.1432	0.1032	0.1577	0.1613	0.217	0.1779	0.0041	0.2041	0.1462	0.2624	0.2422	0.2905	0.227	0.3169	0.3399	0.3067	0.3596	0.2794	0.2151	0.2816	0.2521	0.1414	0.2592	0.2099	0.1874	0.1923	0.3284	0.2182	0.2814	0.1232	0.2483	0.2921	0.3068	0.5359	0.4732	0.3444	0.4165	0.3826	0.4285	0.5677	0.4747	0.3916	0.2966	0.3596	0.3001	0.5665	0.4319	0.4089	0.2906	0.4013	0.5905	0.472	0.3316	0.4612	0.5467	0.3548	0.5285
3360	0.1428	0.2232	0.1369	0.225	0.0961	0.0795	0.0536	0.1119	0.2048	0.1543	0.1193	0.0156	0.0962	0.1445	0.1828	0.1886	0.1396	0.1979	0.1584	0.0743	0.1721	0.1634	0.207	0.1994	0.0574	0.2239	0.1531	0.3287	0.259	0.2921	0.2383	0.3116	0.3285	0.3273	0.3609	0.3184	0.227	0.2897	0.2947	0.1787	0.2487	0.2078	0.1817	0.209	0.3625	0.2329	0.3256	0.1303	0.2592	0.304	0.2918	0.5742	0.5037	0.3885	0.4513	0.3904	0.4513	0.589	0.51	0.4006	0.3101	0.3824	0.2809	0.5927	0.4233	0.4018	0.3053	0.4298	0.6151	0.5073	0.3135	0.4704	0.5608	0.3623	0.5711
3696	0.1302	0.2456	0.1537	0.1928	0.1201	0.0855	0.0822	0.1045	0.1951	0.1124	0.0868	0.0611	0.0746	0.1693	0.1622	0.1907	0.1574	0.2049	0.1551	0.0932	0.1918	0.2026	0.1806	0.1865	0.0572	0.2428	0.1791	0.3457	0.2777	0.313	0.2367	0.3548	0.3726	0.2768	0.3503	0.332	0.2686	0.3357	0.3163	0.1765	0.2881	0.1938	0.1924	0.2344	0.3894	0.2615	0.2911	0.1481	0.2868	0.3119	0.3237	0.5916	0.5027	0.3777	0.4115	0.4377	0.4505	0.6136	0.5174	0.4554	0.3697	0.3993	0.3253	0.6043	0.4413	0.4251	0.3542	0.4476	0.6455	0.5551	0.349	0.5172	0.5966	0.371	0.6033
4032	0.1631	0.263	0.1406	0.1997	0.1448	0.0924	0.0848	0.1432	0.1836	0.1463	0.0911	0.0869	0.0764	0.1799	0.2102	0.2072	0.1307	0.2443	0.1705	0.0915	0.1999	0.2093	0.2209	0.244	0.0558	0.2549	0.1965	0.3317	0.2896	0.3163	0.256	0.3641	0.3693	0.3173	0.3871	0.3525	0.2432	0.2999	0.338	0.1865	0.2923	0.2392	0.1884	0.2279	0.3789	0.2591	0.3441	0.1508	0.2872	0.3179	0.3368	0.6323	0.5095	0.3805	0.4219	0.4393	0.4737	0.6307	0.5429	0.4473	0.344	0.4283	0.326	0.6073	0.4696	0.4187	0.3552	0.48	0.6411	0.5392	0.3885	0.5374	0.6326	0.3593	0.5975
4368	0.161	0.2944	0.1718	0.2429	0.128	0.1087	0.109	0.1244	0.2145	0.1265	0.1006	0.0541	0.1049	0.1992	0.2354	0.2074	0.168	0.2196	0.1448	0.0811	0.2007	0.2022	0.231	0.2383	0.0722	0.2797	0.2106	0.339	0.3151	0.3094	0.2564	0.3853	0.384	0.3354	0.3781	0.3374	0.2773	0.332	0.3464	0.2043	0.3193	0.2639	0.2077	0.2511	0.4126	0.2469	0.3457	0.1641	0.2958	0.3361	0.3203	0.6078	0.5526	0.4181	0.4373	0.4787	0.498	0.6418	0.5176	0.4547	0.3812	0.4242	0.3508	0.58	0.4561	0.4381	0.3581	0.4565	0.6461	0.5403	0.3831	0.5405	0.6006	0.3713	0.6168
4704	0.2051	0.2372	0.1482	0.207	0.1176	0.0951	0.1126	0.1665	0.2051	0.1519	0.0757	0.088	0.111	0.2068	0.2415	0.2034	0.1663	0.1959	0.1585	0.0696	0.204	0.2205	0.2113	0.2551	0.061	0.2657	0.1972	0.3482	0.3171	0.3617	0.2568	0.3943	0.4047	0.3461	0.4002	0.3429	0.2596	0.3423	0.3409	0.1899	0.3015	0.2592	0.2248	0.2642	0.3796	0.2779	0.3435	0.1318	0.3176	0.3352	0.3653	0.5928	0.5205	0.4148	0.4439	0.4541	0.5007	0.6614	0.5357	0.4505	0.3844	0.4455	0.3818	0.6572	0.4846	0.43	0.3406	0.5197	0.6669	0.5879	0.3862	0.5305	0.6472	0.404	0.6353
5040	0.1887	0.2294	0.1381	0.2305	0.1294	0.0952	0.0886	0.1262	0.2037	0.1624	0.0765	0.0898	0.0714	0.1829	0.2357	0.2317	0.1462	0.2515	0.1812	0.1052	0.2007	0.2194	0.2463	0.2616	0.0396	0.2584	0.1811	0.4054	0.3195	0.3511	0.308	0.4143	0.3718	0.3513	0.4164	0.3813	0.2956	0.3677	0.382	0.2318	0.3071	0.2551	0.2399	0.2664	0.3749	0.28	0.3812	0.1722	0.3159	0.3537	0.3664	0.6211	0.5372	0.4346	0.4625	0.464	0.4755	0.6521	0.5349	0.5031	0.3553	0.4362	0.3801	0.6597	0.499	0.4622	0.3912	0.4998	0.6608	0.6462	0.427	0.5512	0.6302	0.4148	0.6588
5376	0.2342	0.27	0.1615	0.2232	0.1268	0.0948	0.1026	0.1608	0.2289	0.1534	0.1371	0.0651	0.1052	0.2058	0.2505	0.2427	0.1771	0.2187	0.2041	0.1306	0.2347	0.2029	0.2384	0.2619	0.038	0.2768	0.205	0.4005	0.352	0.3665	0.2989	0.4001	0.3943	0.3775	0.4078	0.3944	0.2743	0.369	0.3852	0.1781	0.319	0.275	0.2369	0.2556	0.4166	0.3372	0.3898	0.1541	0.338	0.3376	0.386	0.6636	0.5707	0.4444	0.4931	0.4909	0.4995	0.6792	0.5844	0.5218	0.3856	0.4817	0.3854	0.6942	0.4945	0.4686	0.3551	0.5188	0.6509	0.6016	0.4191	0.5378	0.6776	0.422	0.663
5712	0.1906	0.2953	0.1725	0.2338	0.1602	0.1433	0.114	0.1512	0.2238	0.1538	0.1068	0.0999	0.1033	0.2089	0.2216	0.2383	0.1708	0.2375	0.197	0.1287	0.2274	0.229	0.2635	0.2676	0.0615	0.2825	0.2066	0.3539	0.3235	0.3599	0.2921	0.4014	0.3968	0.4029	0.4402	0.4038	0.3184	0.3634	0.3935	0.242	0.358	0.2727	0.2573	0.2449	0.442	0.3501	0.4103	0.1903	0.3667	0.3765	0.38	0.6523	0.5797	0.4982	0.4837	0.4845	0.5113	0.7114	0.5862	0.5286	0.3959	0.5066	0.3836	0.6824	0.5618	0.4915	0.3945	0.5285	0.6436	0.626	0.4576	0.5727	0.6861	0.4164	0.6671
6048	0.239	0.2797	0.1872	0.242	0.1958	0.1411	0.108	0.1525	0.2269	0.1507	0.13	0.0798	0.1033	0.2011	0.2579	0.2473	0.2028	0.255	0.2189	0.1307	0.2727	0.214	0.2565	0.2902	0.0338	0.2921	0.2393	0.4018	0.3464	0.3815	0.3202	0.4152	0.4164	0.4061	0.4447	0.4052	0.341	0.3686	0.385	0.2272	0.3701	0.2777	0.2622	0.2652	0.4617	0.34	0.4023	0.1701	0.3523	0.3894	0.3654	0.6643	0.5892	0.508	0.5179	0.5146	0.5367	0.674	0.592	0.5675	0.3935	0.5123	0.4123	0.6826	0.5317	0.4975	0.3824	0.5152	0.666	0.6326	0.4274	0.5587	0.6712	0.4022	0.7011
6384	0.1953	0.2913	0.1903	0.2327	0.167	0.1348	0.1046	0.1601	0.2211	0.1699	0.1136	0.0755	0.1387	0.2204	0.2666	0.2307	0.2244	0.2621	0.1894	0.1154	0.2611	0.2386	0.2718	0.3009	0.0573	0.3169	0.2195	0.3597	0.3734	0.3914	0.3116	0.419	0.4288	0.3964	0.4372	0.4175	0.311	0.4079	0.4222	0.2329	0.4043	0.2888	0.2697	0.2942	0.4464	0.326	0.4166	0.1729	0.3836	0.3963	0.3849	0.6568	0.597	0.4738	0.4842	0.4895	0.51	0.7109	0.5921	0.5243	0.4275	0.5114	0.431	0.6954	0.5224	0.4933	0.4097	0.5308	0.6635	0.6879	0.4751	0.5897	0.7097	0.4521	0.6749
6720	0.2269	0.2799	0.2139	0.2569	0.159	0.1773	0.1373	0.1755	0.2508	0.1883	0.122	0.1176	0.0989	0.2302	0.2398	0.2476	0.1862	0.2521	0.1885	0.1172	0.2294	0.2439	0.2791	0.3138	0.0659	0.3127	0.2047	0.4097	0.3568	0.3716	0.3009	0.4421	0.4396	0.4178	0.4478	0.4252	0.3067	0.4203	0.4251	0.2478	0.4041	0.2841	0.2759	0.2598	0.4575	0.3561	0.4867	0.1934	0.4232	0.4059	0.3979	0.6626	0.607	0.4851	0.553	0.498	0.5649	0.7178	0.6028	0.5467	0.3866	0.5439	0.3944	0.7366	0.5838	0.5296	0.4441	0.5475	0.6853	0.6618	0.4812	0.5945	0.7046	0.4106	0.709
7056	0.2147	0.3039	0.2126	0.2872	0.1662	0.1486	0.119	0.1723	0.241	0.1574	0.1141	0.0934	0.0915	0.2385	0.3123	0.2733	0.2389	0.2913	0.2229	0.1309	0.2715	0.2431	0.268	0.3168	0.0359	0.3159	0.2335	0.3976	0.3884	0.3942	0.3486	0.4385	0.4224	0.4074	0.4431	0.4209	0.3449	0.4258	0.4494	0.2508	0.4069	0.2869	0.2734	0.27	0.4633	0.3526	0.4276	0.2184	0.4051	0.3931	0.4198	0.6653	0.5969	0.4815	0.518	0.5302	0.5272	0.7212	0.6213	0.5512	0.4199	0.4976	0.4082	0.72	0.5998	0.4989	0.4083	0.5458	0.6923	0.698	0.4862	0.5971	0.6824	0.4254	0.6694
7392	0.2319	0.2848	0.2223	0.2794	0.2078	0.1253	0.1351	0.1748	0.235	0.1839	0.1049	0.1035	0.1286	0.2459	0.3106	0.2679	0.1977	0.2696	0.2381	0.1405	0.2617	0.2807	0.2839	0.3201	0.058	0.3598	0.2306	0.3961	0.3686	0.4136	0.3353	0.4436	0.4463	0.4435	0.4851	0.4303	0.3322	0.3812	0.4186	0.3046	0.4125	0.2956	0.2994	0.3245	0.4804	0.3769	0.4378	0.1884	0.4008	0.424	0.4076	0.6775	0.6083	0.5218	0.5235	0.546	0.5643	0.7033	0.6263	0.5923	0.4428	0.5058	0.4453	0.7317	0.5772	0.5302	0.4247	0.5618	0.6873	0.6844	0.4563	0.6477	0.7196	0.4374	0.7283
7728	0.2445	0.282	0.2318	0.2557	0.1715	0.1213	0.1287	0.2028	0.2688	0.1493	0.1449	0.1259	0.1236	0.2249	0.3116	0.2483	0.2325	0.2894	0.2228	0.1226	0.2381	0.2848	0.3033	0.3207	0.06	0.368	0.2117	0.412	0.3717	0.4098	0.3654	0.4612	0.4928	0.4199	0.437	0.4406	0.3455	0.401	0.4501	0.2741	0.4243	0.3025	0.2808	0.2676	0.4595	0.3803	0.478	0.1884	0.4072	0.4381	0.4109	0.6644	0.6178	0.5024	0.5763	0.534	0.5384	0.7426	0.6165	0.568	0.441	0.5403	0.4347	0.7127	0.5637	0.5205	0.4419	0.5703	0.6724	0.6864	0.5013	0.6294	0.7635	0.4512	0.7403
8064	0.2469	0.3002	0.2316	0.2904	0.1934	0.1734	0.1524	0.1885	0.2551	0.2021	0.188	0.1109	0.0846	0.2703	0.3072	0.2761	0.2504	0.2953	0.2366	0.1329	0.2743	0.2415	0.2839	0.3382	0.0423	0.349	0.2519	0.4392	0.388	0.4395	0.3678	0.467	0.4616	0.464	0.4819	0.4563	0.3549	0.4296	0.4492	0.276	0.4426	0.3015	0.3312	0.3179	0.4729	0.3805	0.4643	0.1804	0.4168	0.3932	0.4278	0.689	0.5685	0.5291	0.5496	0.5582	0.5454	0.7373	0.6342	0.6064	0.4468	0.5707	0.4473	0.747	0.5828	0.5374	0.4218	0.5604	0.6843	0.7184	0.5285	0.6331	0.7737	0.4871	0.7284
8400	0.2426	0.3256	0.2425	0.2985	0.2073	0.1577	0.1288	0.2001	0.23	0.203	0.1116	0.1146	0.1346	0.2304	0.3402	0.2639	0.2309	0.2549	0.2375	0.1294	0.3007	0.2778	0.3071	0.3323	0.0894	0.3698	0.2595	0.435	0.3831	0.4418	0.3528	0.4679	0.4406	0.4661	0.4709	0.4779	0.3507	0.45	0.4756	0.2769	0.4429	0.344	0.2989	0.3302	0.4912	0.3839	0.4987	0.2032	0.4384	0.4145	0.4436	0.6846	0.6078	0.5199	0.5641	0.5431	0.575	0.7307	0.6473	0.5879	0.4512	0.5497	0.4486	0.7219	0.5758	0.5164	0.4551	0.6018	0.6715	0.7171	0.5474	0.6412	0.7333	0.4634	0.7371
8736	0.2504	0.2845	0.2317	0.2696	0.2357	0.1847	0.1395	0.194	0.2621	0.1985	0.1219	0.1154	0.1107	0.2569	0.331	0.2667	0.2521	0.3049	0.2484	0.1426	0.3135	0.2574	0.3138	0.3617	0.068	0.3532	0.2415	0.4391	0.3944	0.4521	0.3674	0.4714	0.4756	0.447	0.4693	0.4455	0.3504	0.4164	0.4602	0.2937	0.4338	0.3454	0.3229	0.3016	0.512	0.4041	0.4815	0.2078	0.4447	0.4365	0.4343	0.7085	0.6143	0.5586	0.5556	0.5916	0.5526	0.7562	0.6176	0.6326	0.432	0.605	0.4731	0.7623	0.5957	0.5608	0.4362	0.6106	0.7381	0.7193	0.535	0.6463	0.7394	0.4978	0.7279
9072	0.2604	0.2867	0.2451	0.2472	0.2078	0.1856	0.1667	0.183	0.2478	0.1931	0.1046	0.1216	0.1194	0.25	0.354	0.2744	0.2237	0.3179	0.2507	0.1516	0.305	0.2688	0.3193	0.3678	0.0711	0.3755	0.2773	0.4562	0.3751	0.4547	0.3793	0.4891	0.5133	0.4703	0.5149	0.4897	0.3781	0.4496	0.4583	0.286	0.4359	0.3415	0.3112	0.298	0.4706	0.4093	0.4948	0.1886	0.407	0.4437	0.444	0.7073	0.6448	0.5419	0.574	0.5782	0.5859	0.7905	0.6724	0.6302	0.4379	0.565	0.4818	0.7389	0.5788	0.584	0.4821	0.6116	0.7073	0.6987	0.5576	0.6599	0.7769	0.5223	0.7218
9408	0.2788	0.3292	0.2428	0.2867	0.1964	0.1895	0.1694	0.1838	0.29	0.1999	0.1399	0.1157	0.1485	0.2741	0.359	0.3026	0.2312	0.3158	0.2465	0.157	0.312	0.2756	0.3165	0.3748	0.042	0.3688	0.2486	0.4372	0.4237	0.4392	0.3636	0.4819	0.4922	0.4831	0.5099	0.4902	0.3612	0.4593	0.4735	0.3385	0.444	0.3445	0.3249	0.316	0.5036	0.4193	0.497	0.2283	0.4386	0.4669	0.476	0.6888	0.6282	0.5689	0.5658	0.5905	0.5838	0.7709	0.6398	0.6235	0.4736	0.5816	0.4587	0.7423	0.6154	0.5385	0.4627	0.5943	0.724	0.7209	0.5552	0.6503	0.7725	0.4952	0.7706
9744	0.2738	0.3159	0.2514	0.2511	0.2008	0.1719	0.1834	0.2194	0.2755	0.2064	0.093	0.1078	0.1352	0.2667	0.3708	0.2552	0.2872	0.3346	0.236	0.1615	0.3227	0.2753	0.3542	0.3653	0.0834	0.3634	0.2796	0.4509	0.4314	0.4571	0.422	0.5044	0.5235	0.4675	0.4952	0.4513	0.385	0.4515	0.502	0.3033	0.4512	0.3612	0.3273	0.3087	0.5227	0.4351	0.5227	0.2273	0.4596	0.458	0.4666	0.7129	0.6297	0.5707	0.5996	0.5915	0.5974	0.7774	0.6771	0.6412	0.4614	0.6061	0.4848	0.7847	0.5987	0.558	0.4866	0.6505	0.702	0.7613	0.5844	0.6835	0.733	0.4874	0.7615
